-1.489518801815733484e+00
-1.800340212582862698e+00
-1.384408455046774566e+00
6.631272208971117355e-01
-1.285029811701294378e+00
-3.089350137551560849e-01
-2.176696526581205937e+00
2.089593508358791762e+00
2.435809174765437568e+00
-1.899036601641825417e+00
1.408936855709944647e+00
3.087350515465131506e-01
1.277231398081318803e-01
1.354123087487791199e+00
-1.523611610255334980e+00
7.118231143643877212e-01
1.510738716709236318e+00
-1.227702461515132182e+00
-6.307961332364303564e-01
2.257609849498782850e+00
-2.350138530382717139e-01
1.078374858369984146e+00
9.008114746002604534e-01
-9.981721692527745216e-01
1.778836450419817972e+00
5.192510973585495737e-01
1.794019702049661102e+00
2.346146487167996675e+00
-1.405429855228166769e+00
2.477011618207786370e+00
6.967411330991490903e-02
1.155444555202068679e+00
2.213143761271165744e+00
-1.491907771543334871e+00
5.348392642292643107e-02
-7.088954106810563260e-01
-2.268694634487087747e+00
-8.609741501296880317e-01
1.967285028953825732e+00
-1.103937646634621794e+00
1.954189648887108444e+00
-2.360286950450323218e+00
-8.264175987099336984e-01
7.899004523331804029e-01
2.266344291447872195e+00
-5.948263910355977568e-01
8.291588601403265812e-01
2.383190096472973085e+00
-2.025096367508730566e+00
2.151243863615116325e+00
-1.977813814869793241e+00
-1.697287743113990555e+00
-1.155745863612640090e+00
3.891274375243780614e-02
1.515558162695515021e+00
1.318241783049390881e+00
9.323185326153837771e-01
-1.159189292973561436e-01
2.073962135511600913e+00
-1.652734369015714133e+00
-2.303198172081367900e+00
-1.885960799132197607e+00
-1.344624652332360171e-01
2.248785381092847757e+00
1.230299418301504133e+00
2.064552823226806222e-01
-1.475734695702898946e+00
-9.992720065774368665e-01
-7.498083618359557834e-01
-3.407844798997528013e-01
-1.345452271856838466e+00
2.140250051700803624e+00
1.824515553167877613e+00
-1.762767362489279677e+00
-2.090928801452105024e+00
1.581261440591877232e+00
-1.975547155043821945e+00
-1.790932681677571026e+00
-2.470331291379114447e+00
8.647201806788029632e-01
-1.630804784288941267e+00
9.878010763700839636e-01
-2.185173843109235570e+00
-2.355759502869039235e+00
2.238900654406591251e+00
1.028889582313358142e-01
9.753850687139170583e-01
1.309926304411166864e+00
1.865816185654080694e+00
1.806608676508989486e+00
1.329822244316611446e+00
6.441710902762970425e-01
1.843389641190177342e+00
-8.886740354711597512e-02
-7.276836667102770662e-03
2.419532530675042814e+00
1.006485714654203445e+00
1.765757496909172719e+00
1.791534154460474149e+00
1.286723820277273056e+00
7.553673486597772824e-01
1.398295175654840072e-01
-1.809845238710831028e+00
-1.244439056887097106e+00
1.979539056564850075e+00
-8.052030697648038249e-02
-5.989790466344957487e-01
9.556488508298355278e-01
-2.393637729545514237e+00
2.090963864367138658e+00
8.871107117433407740e-01
6.257790687337738689e-01
-7.396715133334513803e-01
1.958694087445583154e+00
-2.084314805912161006e+00
-2.348997831299659556e-01
4.443524630121536978e-01
-1.446220211932390809e+00
-1.326073338258421108e-01
-2.361793264446872875e+00
5.895241567017772688e-01
7.096209747788745359e-01
-1.685979649372429945e+00
-4.560891506199610257e-01
5.147242516624095376e-01
1.532360460538595426e+00
-5.632900330668327848e-01
-5.749999122743643110e-01
-1.611271807879323115e+00
2.377364107796345216e+00
2.292637809790942338e+00
2.015479289633219651e+00
2.385969495450945832e+00
3.680958965231295732e-01
1.062548098239779470e+00
-2.426398178039827158e+00
-2.823212953917758616e-01
-1.551361789296238358e+00
1.719718455832981441e+00
-7.244912759761273913e-01
-1.103083286624501058e+00
-8.144335699108823379e-01
1.855152009571537919e+00
-1.691629732479917436e+00
2.205589398072697271e+00
-1.697704888922136224e+00
9.094347736928998227e-01
-2.951673768637441686e-01
-1.311751698122182175e-01
5.586717621827480551e-01
1.180725730875866741e+00
1.196867165485702156e+00
2.143081232130598757e+00
1.237015232427791211e+00
-1.103329950249934299e+00
-9.188548194517254242e-01
-1.253924738972588937e+00
2.441831898791839262e+00
2.330258918671928470e+00
-1.027974613539159421e+00
-9.235942165276866955e-01
-1.392173990698114538e-01
-7.884794305465542275e-01
1.334569846974557050e+00
1.440991718442253156e+00
1.220825762953305915e+00
2.187449269809488950e+00
1.273102206938981240e+00
2.308247819780226529e+00
-1.246540861640507813e+00
-2.102165579582789157e+00
9.744222692213239112e-01
-1.088944854812479157e-02
-2.369810172455708130e+00
-4.725520161543833586e-01
-2.011550137517636561e+00
1.285632013182050892e+00
-1.328433537760285610e+00
9.181399740923029684e-01
2.229903882840537754e+00
2.433703220383642396e+00
-7.602909129242851893e-01
-1.703565173762153329e+00
6.081264062061592091e-01
-1.569455042171845172e+00
1.447097497852484205e+00
5.607835800772575929e-01
-1.004800754950936348e+00
2.062210717651847158e+00
-3.047645617045130484e-01
1.078328655721625395e+00
-7.959487992170671822e-01
-6.987391797009151473e-01
-1.100451827494729473e+00
1.146638005339161159e+00
-2.206146742721031284e+00
-1.614983649942022925e+00
-1.767955590389905129e+00
-3.954684689791648777e-01
2.381718130891563590e-01
-3.875116718456322884e-01
-6.412414181906289645e-01
3.026855650885695859e-01
-1.344933089496253675e+00
-1.028216026986594311e+00
2.037906986938395448e+00
-4.362496829117729069e-01
5.048590498063271204e-01
6.195657401344695225e-01
-7.273073997444273742e-01
-1.295930631138085820e+00
-1.005545010792668892e-01
1.775190825898570468e+00
-1.008794809660336522e+00
-2.485937558276026138e+00
-1.731965106681624400e+00
1.349363514049952251e+00
2.461788312233959441e+00
-1.168990728648370947e+00
-5.593104683163313551e-01
-1.596059425398382192e+00
-2.038835075715119238e+00
1.644944222506000697e+00
1.417344277988582535e+00
3.070860077117193443e-01
1.897108187047857886e+00
-1.257249911990809821e+00
-8.583890926947040922e-01
-6.992848462882084171e-01
-1.521031693418419373e+00
5.751874737089557321e-01
-2.441487226721944515e-01
5.780470772606366436e-01
8.929651093258539341e-01
1.877942331121754016e+00
-1.081578788615826792e+00
1.837672595628437877e+00
-6.007677849554882155e-01
-8.085213774314181645e-01
-1.780611872462525724e+00
-1.190793398815538362e+00
-6.247822943254444095e-01
-1.627144613401547701e+00
1.226243112626356213e+00
-2.111921003269357389e+00
5.409506697882365822e-01
-7.630061197430265674e-01
2.381182805095774846e+00
1.196692885603373835e+00
-3.886545126991713950e-02
-9.232822343877217230e-01
-2.144147184708861786e+00
-1.323624795247479558e+00
7.652029705490276390e-01
-9.279306972034051526e-01
-5.663083847273558957e-01
1.486798420204236137e+00
-9.938859757561496755e-01
1.096860160130089135e+00
1.438044302325337531e+00
1.218333722470653635e+00
-2.038095069805223591e-01
1.285864387488715899e+00
2.116209300821893624e+00
5.132784664737560787e-01
2.260134033326068437e+00
1.813393782456206971e+00
1.603995755382614519e+00
1.503342591807533823e+00
-1.656026028442508125e+00
-1.375923632981779665e+00
-1.504958785304209012e+00
-7.282528226332291021e-01
-1.776825085212269117e+00
1.384084340175252947e+00
-1.158214556445277932e+00
-9.129084712781199151e-01
-1.163221890831173777e+00
2.033681494036578830e+00
-2.355556928044324927e+00
3.750014270868001764e-01
8.552632056286335605e-01
-4.752909587960585380e-01
6.401426991467001892e-01
-2.455836466098987314e-01
2.146209972140081135e+00
2.359132196485340671e+00
2.094336638099592030e-01
1.224980909004806939e+00
-1.972401025014214326e-01
-3.527398643299139991e-01
-1.960130318182294218e+00
1.215157808726614608e+00
1.410815355048555819e-02
8.439636741591988178e-01
1.924484199773667248e+00
1.734020777440542505e-01
-4.896479985967483461e-01
2.436025263179415035e+00
-4.809526426298832424e-01
