1.271882633036904575e-01
-8.257987380338587258e-01
4.730361175850357758e-01
-9.899655071679840379e-01
4.688587448553700465e-01
1.842984473139633428e+00
2.859674746253577649e-01
4.018784725204106456e-01
5.540074307822875355e-01
-3.742513063359630410e-01
8.347483028499488866e-02
2.182692467611040854e+00
3.501036161256825707e+00
4.081515857610161779e-01
1.243873583189296361e-01
-1.094165622959796025e+00
4.659671452295195415e-01
1.434727023708590732e-01
-6.545388538473114748e-01
5.249805211039229036e-01
2.811385692996346997e+00
4.899428828078893350e-01
-5.418928206930400115e-01
3.421060466836876868e-02
-6.532840065561498211e-01
1.634291590046424436e-02
-5.174823615231602947e-01
3.651367331060242916e-02
1.858341203270206243e-01
-3.262795403855422993e-01
3.624909317656609620e+00
3.897973724807966556e-01
3.548165844692615090e-01
-1.512861267621491979e-01
4.104402387189354684e+00
-7.079911755670327267e-01
1.433808799347843221e-01
-5.356817329113903181e-01
2.183852465902298423e-01
7.423825523337557186e-01
-1.552446814451647894e-01
1.178773441252244647e-01
-4.970484186771404467e-01
-6.258874567975556413e-01
7.501921448009409854e-01
-1.768620612385274349e-02
-7.349732722953117303e-01
4.088499135667219564e-01
1.079271750907291605e-01
1.251019877408742209e-01
3.075478990968873449e-01
-5.264586436906374400e-01
4.475842803171671269e-01
3.948645753942472858e+00
-2.041183864575162044e-01
5.515473607824841196e-01
-8.269413340591331707e-01
3.824640255921888166e+00
4.165741345180568045e-01
-3.896151961426189692e-01
6.579017764742026708e-01
-4.897989885991975156e-01
3.259959337656052725e+00
5.657904825294152173e-01
1.764090317339086500e-01
2.982427784185786912e+00
2.979210302591737136e-01
2.097474292283079966e-01
-8.897249849877286731e-01
1.369781636840174066e+00
4.143191328895912684e-01
7.447994912628583819e-01
2.407365991227317092e-03
-5.960804917095655631e-01
3.196396890209261543e-01
-5.823293260529170956e-01
8.379772091351600505e-02
-6.782164080304757814e-01
5.684936915382369366e-02
1.339951237263170558e-01
-1.779497312782200302e-01
-1.569588747904065301e-02
5.533818252299596008e-01
-9.591403193895345347e-02
-6.906314814285713366e-02
3.793875605796237949e+00
1.362710878506414036e-01
5.966737138354487602e-01
-4.895021380946032452e-02
-4.060690533196557039e-01
3.099130717938236579e-01
-4.172987344075821947e-01
-2.234200261628877526e-01
3.649766596786859107e+00
4.014040792337206121e+00
4.263632943601327607e-01
7.575699518437178925e-02
-3.583101491009523798e-01
-2.633870072615349667e-01
4.735221397905188256e-01
-8.138174102787983921e-01
3.730295955627120463e+00
-3.252478481940415667e-01
5.662098776920122534e-01
-2.953752146286110075e-02
4.013959650600182449e+00
-8.693988549548035127e-01
-2.101392867597907943e-01
4.353654752847707643e-01
5.032367869996727805e-01
-4.022768254207301775e-01
-7.130216596022610487e-01
-6.118541612481686043e-01
-1.691691634681152245e-01
-2.362202084593479634e-01
2.461560921817357972e+00
5.870889725719418140e-01
1.706730377235645690e-01
3.370868437336226542e+00
1.752451279988863075e-01
-6.384079968912191871e-01
-7.610440671034752746e-01
-5.903677117320981216e-01
1.003042531981550356e+00
-1.686658457136212541e-01
-2.017493192144170222e-01
-4.959225586100142746e-01
-4.984693353494545343e-01
-3.530381835395358658e-01
2.169057637609245193e-01
3.036809175580528763e-01
-6.645837655174277048e-01
-3.069108453796364211e-01
1.266976407580707287e+00
8.773558287442920212e-02
2.628859805593392052e-01
1.920083542160886836e+00
-3.520184729951454927e-01
-7.695431615596324271e-01
-1.009732030474199460e+00
4.542947290792176407e-01
-7.879180082417871489e-01
-2.052764524657104406e-01
-1.281671783200616366e-02
4.332373780558063103e-03
-3.863291514105293700e-01
-6.586798729144420772e-01
2.360560793479489661e+00
3.588772600565156790e+00
-1.965719321889313476e-01
1.058963481159287401e+00
3.509474823577884428e-01
3.718588792566400736e-01
5.444000531379673546e-01
6.737322728266444960e-01
-7.675595103062688995e-01
5.761069531163480750e-01
-2.056634781128978406e-02
8.101182874250545396e-03
-4.098884728901931451e-01
1.940197661407450647e-01
3.298102822365560183e+00
-9.002065659006323051e-01
7.838433155793267382e-01
2.404621672546813915e-01
5.250311541701115914e-01
4.362015203063672741e-01
8.895316986864498787e-01
7.571469778564614561e-01
6.634795518803827674e-01
1.128444784616201985e-01
7.432772717058282186e-02
3.889323469761631458e+00
4.233857876934268849e-02
4.984624878746544141e-01
2.215942243823857405e-01
4.392130545398094110e-01
2.805068184193721947e-01
3.185993929377389788e-02
7.981090336210569514e-02
-5.574795205999952263e-02
-1.336281349985163125e+00
-4.348836762439094450e-01
-6.272558689609406546e-01
-2.829646674675298512e-02
-1.994908392725457946e-01
-4.234282186999031583e-01
-4.616201421832503982e-02
-9.452093078039311425e-02
1.830654440351244139e+00
1.015060393736708644e-01
-8.124875509235608417e-01
-1.079098671094809614e+00
1.973586549860924244e-01
4.278648345314728374e-01
8.140551883189656168e-02
2.395347181662312308e-01
-3.252498743328490205e-01
1.142115375063737170e+00
2.561978965524868368e+00
1.206372419755864733e+00
-7.823573786040642908e-01
2.249949842516590692e+00
6.277104847500816209e-01
1.410542281847339263e-02
1.084938144973222329e-01
7.268373345241152528e-01
-3.871541582598723996e-02
-1.096376091766366967e+00
-6.475479067516685117e-01
5.077594927155730797e-01
3.325230127515992340e+00
-2.165836706941326462e-01
6.472127625662744965e-02
3.394664177311492170e-01
-5.662885178668060071e-01
5.511242445443145233e-01
-1.739483702505639079e-02
3.593075253387510437e-01
-8.396171891313017888e-01
-1.506670546993079118e-01
-2.961544958621251666e-01
8.932148397369277237e-03
6.296465219891264065e-01
2.033433272460118957e+00
-7.689994590509743877e-02
3.614545302587671149e-01
-1.175077171379506624e-01
-1.151764229055365352e+00
-4.383864301444577449e-02
-2.576847255400003256e-01
2.619030142847819320e+00
-5.254678990578511844e-01
-1.709029737861992304e-01
1.962210469618036468e-01
5.799826666324278679e-02
-4.257602328074022724e-01
-5.712508485103350298e-01
-7.721040216693048075e-01
-7.026374242132409353e-01
9.815290438774550985e-01
-8.802194285998519163e-01
-1.027223550526634999e-01
4.592215617044171916e-01
4.222478213967613137e-01
-1.199508814343874796e-02
-9.518332728428218203e-01
-1.978363683486542013e-01
3.988497275178534140e-01
4.497937578618558696e+00
-6.162644738013873802e-01
-2.212727766908502702e-01
4.265400487578500655e-01
-8.030083236335299191e-01
2.410704347352320975e-01
-2.766599190982453882e-01
-1.586769753800041649e-01
-1.609696497574976126e-01
1.625246500163624042e-02
-1.972628190391080283e-01
2.395482364015854571e-01
2.947268261171389181e+00
7.564265582306406444e-01
-9.903095912105583376e-02
-9.524642900765090126e-02
2.598779434296004109e-01
-4.175771667104387075e-01
-2.478034828219717878e-01
-1.204396824423269174e-02
-4.170289099803473620e-01
3.013897587418784552e-01
5.912651136689497239e-02
-1.281728082274818270e+00
-4.025147589568210948e-01
1.330810054476902204e-01
6.816475649086123356e-01
-5.813671900889674227e-01
3.125020932705955268e-01
-1.523062735267888823e-01
2.770955202804459838e-01
1.148673655113047420e+00
-6.585017690145983371e-01
9.985199082302274876e-02
-7.790796387658779354e-01
3.000373115954790393e+00
4.666563302087219922e-01
2.022699812980738587e-01
3.509897382588538228e+00
3.407319818102937381e-01
2.867923605490986905e+00
1.544706117941787582e+00
-4.155131898722100869e-01
9.790909161496104129e-01
4.197542095219717773e+00
-8.211558327871376628e-01
-1.682821963823024347e-01
3.590110072050491041e+00
-6.874364955392564536e-03
4.280679546913738198e-01
3.956870170589084079e-01
